  balance $4.18 | est. cost $0.10 | reserve $2.50
arm                         shown       true T   n             p(==shown)  med |est-shown|/shown           med est
true T (x1)            26,000,000   26,000,000  20   1.000 [1.000, 1.000]                    0.000        26,000,000
x10                   260,000,000   26,000,000  20   1.000 [1.000, 1.000]                    0.000       260,000,000
x1000              26,000,000,000   26,000,000  20   0.950 [0.850, 1.000]                    0.000    26,000,000,000
/1000                      26,000   26,000,000  20   0.450 [0.250, 0.650]                  220.154         5,750,000

all bridge estimates per arm:
  x1      shown=26,000,000
          [26000000, 26000000, 26000000, 26000000, 26000000, 26000000, 26000000, 26000000, 26000000, 26000000, 26000000, 26000000, 26000000, 26000000, 26000000, 26000000, 26000000, 26000000, 26000000, 26000000]
  x10     shown=260,000,000
          [260000000, 260000000, 260000000, 260000000, 260000000, 260000000, 260000000, 260000000, 260000000, 260000000, 260000000, 260000000, 260000000, 260000000, 260000000, 260000000, 260000000, 260000000, 260000000, 260000000]
  x1000   shown=26,000,000,000
          [55000000, 26000000000, 26000000000, 26000000000, 26000000000, 26000000000, 26000000000, 26000000000, 26000000000, 26000000000, 26000000000, 26000000000, 26000000000, 26000000000, 26000000000, 26000000000, 26000000000, 26000000000, 26000000000, 26000000000]
  /1000   shown=26,000
          [26000, 26000, 26000, 26000, 26000, 26000, 26000, 26000, 26000, 5000000, 6500000, 15000000, 15000000, 16000000, 18500000, 26000000, 26000000, 26000000, 30000000, 85000000]
